C =

   -27   -26   -17
    42    41    24
   -16   -16    -8