C =

    9.0000    4.0000    2.3333
    1.5000    1.0000    0.6667
    0.4286    0.2500    0.1111