g =

     17     11     76
    189    195    255
     23      8      0