C =

    0.1111    0.2500    0.4286
    0.6667    1.0000    1.5000
    2.3333    4.0000    9.0000