C =

    0.6667         0   -1.6667
    1.1667         0   -2.1667
    1.6667         0   -2.6667