A =

     0     1    12    13    14    26    27    28     8     9
    30     2     3     4    16    17    18    21    22    10
    19    20    23    24    25     5     6     7    29    11


K =

    12