C =

           1         256        2187
        4096        3125        1296
         343          64           9